MAP_DEFAULT_LATITUDE = 40.758701
MAP_DEFAULT_LONGITUDE = -111.876183